$ANSIBLE_VAULT;1.1;AES256
64666530313732333534333933346532313837363535366637663765396161306363336130616638
3963346463396566376233363465653239313630643237360a333961333933616433636234373665
38346165626136393631366533303830373565323864393763663138323039383662356139366135
3733643933666430660a666434663966323836633431373234303238643439646134646361336238
63653466336435303766323539666462616232333834333638643630373235353862643934343135
37373837616539353335373633636233343632316563356465366238326332653739303339333964
65353864623563646239366230366162613034666262663962326433656539316438663765376564
65326466613731376335356564343337356239373962333362303030313961346636353761613730
31343332386561303333313465323335323538333366623730666335626564363466393737666266
38306536666434323836343536303232366534393738613231636331323630363935663861613961
63306234373163386634333030613430383230336662643237333233613130663931363731623532
36303937356436363631
