$ANSIBLE_VAULT;1.1;AES256
30393932633438313665613330653831303532366133643235646133373464373730383964333232
6232623934323765313861303230663832356235313733630a356461373934663032333666303066
30663766666164623663383362663338396238363163373235313539323266656532363535633830
3138323439343831630a373435613062393163326236663731336564313731316434393861356439
38653430376132636264303238396234623637316639623265653464393338626234623436383836
31323336646261313534343038396261326636373165353538646437383636613838393033316466
36613565373763616537643262646233326666613164633333373439346434633362613261346161
66633862393161363861346361663330373535343863643365396561363532633438353431363637
66303366393038633862336163323838663563353164313238396338646432313130343363373934
34386537623364346633663639633864343235623434306232313266613761623136656265656564
643362633936376232373161316432633033
