$ANSIBLE_VAULT;1.1;AES256
34626237653436666638356231383037663962636335363166626162383161383836383264393464
6233343734393363363039623533353231633833316430650a633263356366616633366137633263
64326137386431633739333163613934613337616236396531373366396263313633656635656132
6635616235346534640a363666623531326535383262386638303863373361326339306263396639
62373235663530316462333536316462623638616465363934663433616331343932316333343235
64316661303733316130363431393563626562363663623335373731626263303164633162653562
63666263646239643837303231653366313635366538383630663837623966666266316161366638
66653338353964336565636435393437363030353966623434653735333530633031616631353839
34336465326132303833653566376438666332626530393835633531653733326661353131666333
63323432306366363364343964333865343763633365636638376433656435326165316463386538
66303261303432316466623933366263343130323933373634336131613330383130316463613230
65646234353530663737316238613939346162613833356134343863656237366630303264336666
66393130323635363736653834663338633136663035656539363539383937303862383865376337
37363662326461366561653366643633386434613737376136303265653261383430376537656434
62316433363965613733306231386132333731383265336163373566316136643032613665323664
62623565623965376136303839363432363866623565393439383136646366666335666365393264
36393865343565343739366638323332333131386266343032326536343364313535393638376264
34663336373931366664633638616531353632323932306334343137393261323431613335343038
63366530353164656330666632303633313434333136376166613161326132633937336165343734
36653265393234393364396436643235393162393430393765333064363332316234333230653961
32626130346433386131366538393462383864306137616638646363336266613737336332653433
39343737653538303232353034663965343939303838343735303631313966633665386365323465
30363134643561393338383836336430323532616662643437636532633534626564636136353636
63623131336532616366353262313633626563316333656134396330346466383837306333323935
35363164656264343536336235393337663335643464396165646535646235396230643634393366
64343461653834313965326362393263323531376636386566636466663833636134383865333031
38346438393031303138646537636631383739346634303239666431323465613831373337333837
64333830353030353165346630623533363063323436363230383865626435643237323830353832
61646663306234643232343133356536623336643934306331393833373439343138
